lg 3.0Hz 

322 096.196732 16.816896 5.6804   ==> 4.2804
323 096.196944 16.814166 5.8018   ==> 4.8018
324 096.196895 16.812100 6.3636   ==> 4.3636
326 096.197014 16.804304 11.527   ==> 4.5273
327 096.197560 16.798527 20.462	  ==> 4.4624

lg 4.0 Hz

216 096.161111 16.875555 6.8675   ==> 4.8675
235 096.227777 16.868611 7.6803   ==> 4.6803
323 096.196944 16.814166 6.7048   ==> 4.7048
327 096.197560 16.798527 4.7772   ==> 5.7772
333 096.196759 16.778581 4.8814   ==> 5.8814


sg 3.0 Hz

216 096.161111 16.875555 6.7180   ==> 4.7180
314 096.198889 16.849444 5.3184   ==> 4.3184


sg 4.0 Hz

307 096.196913 16.872481 5.4418   ==> 4.4418




