201   16.8779   96.1065  2.0890  0.1827  4.0  
202   16.8781   96.1101  1.4247  0.1146  4.0  
203   16.8782   96.1124  1.1092  0.0736  4.0  
204   16.8777   96.1157  1.3061  0.1708  4.0  
205   16.8763   96.1170  0.9726  0.0137  4.0  
206   16.8770   96.1207  1.0000  0.0000  4.0  
207   16.8776   96.1243  0.3694  0.1636  4.0  
208   16.8776   96.1300  0.7584  0.1842  4.0  
209   16.8756   96.1378  0.6017  0.0732  4.0  
210   16.8761   96.1401  1.0915  0.2683  4.0  
211   16.8754   96.1435  0.6703  0.1886  4.0  
212   16.8754   96.1435  0.8793  0.2841  4.0  
213   16.8742   96.1508  0.5920  0.1323  4.0  
214   16.8751   96.1539  0.9421  0.1100  4.0  
215   16.8761   96.1575  4.1549  0.3655  4.0  
216   16.8756   96.1611  6.8675  0.5859  4.0  
217   16.8739   96.1664  1.0401  0.2074  4.0  
218   16.8742   96.1697  1.4981  0.2862  4.0  
219   16.8739   96.1739  3.1052  0.1284  4.0  
220   16.8733   96.1775  3.4190  0.3328  4.0  
221   16.8733   96.1808  2.5404  0.4097  4.0  
222   16.8728   96.1847  2.1467  0.2227  4.0  
223   16.8728   96.1867  3.0341  0.3062  4.0  
224   16.8714   96.1903  2.5614  0.3486  4.0  
225   16.8747   96.1944  3.1910  0.4012  4.0  
226   16.8714   96.1981  3.6579  0.3968  4.0  
227   16.8717   96.2014  1.7597  0.1219  4.0  
228   16.8714   96.2044  3.1020  0.3748  4.0  
229   16.8703   96.2089  4.1657  0.5448  4.0  
230   16.8697   96.2128  1.9346  0.6748  4.0  
231   16.8703   96.2153  2.3379  0.4457  4.0  
232   16.8703   96.2183  2.2805  0.3493  4.0  
233   16.8693   96.2208  3.2963  0.4431  4.0  
234   16.8700   96.2247  4.5530  0.4194  4.0  
235   16.8686   96.2278  7.6803  0.5001  4.0  
236   16.8676   96.2326  4.4095  0.4430  4.0  
237   16.8689   96.2356  3.2965  0.4457  4.0  
238   16.8686   96.2386  2.6223  0.0050  4.0  
239   16.8686   96.2425  2.6757  0.5389  4.0  
240   16.8686   96.2456  2.6464  0.2416  4.0  
241   16.8678   96.2489  3.0318  0.3460  4.0  
242   16.8675   96.2519  3.3937  0.4318  4.0  
243   16.8678   96.2558  3.2982  0.3264  4.0  
244   16.8675   96.2583  1.6611  0.2960  4.0  
245   16.8669   96.2614  2.1322  0.2099  4.0  
246   16.8661   96.2642  1.8579  0.4966  4.0  
247   16.8664   96.2683  1.7773  0.3471  4.0  
248   16.8656   96.2725  1.4216  0.2085  4.0  
249   16.8656   96.2758  1.4696  0.2119  4.0  
250   16.8647   96.2789  2.2061  0.4852  4.0  
251   16.8656   96.2828  2.8466  0.3843  4.0  
301   16.8927   96.1968  2.8146  0.4919  4.0  
302   16.8885   96.1971  2.3102  0.1020  4.0  
303   16.8852   96.1970  2.0324  0.2567  4.0  
304   16.8823   96.1970  3.6677  0.1418  4.0  
305   16.8788   96.1968  2.0210  0.3137  4.0  
306   16.8756   96.1971  1.2307  0.2654  4.0  
307   16.8725   96.1969  3.3392  0.3617  4.0  
308   16.8689   96.1964  2.3338  0.2173  4.0  
309   16.8659   96.1971  1.8628  0.2595  4.0  
310   16.8626   96.1970  1.7456  0.2569  4.0  
312   16.8566   96.1970  1.8131  0.3190  4.0  
313   16.8528   96.1960  3.0234  0.1491  4.0  
314   16.8494   96.1989  3.3843  0.0030  4.0  
315   16.8464   96.1971  2.4021  0.0007  4.0  
316   16.8436   96.1967  2.1522  0.2186  4.0  
317   16.8392   96.1964  2.5330  0.3972  4.0  
318   16.8353   96.1958  1.4824  0.2540  4.0  
319   16.8305   96.1965  2.1383  0.4230  4.0  
320   16.8271   96.1964  1.1421  0.0771  4.0  
321   16.8229   96.1969  2.5067  0.3235  4.0  
322   16.8169   96.1967  4.9397  0.9129  4.0  
323   16.8142   96.1969  6.7048  0.3200  4.0  
324   16.8121   96.1969  2.4510  0.1682  4.0  
325   16.8061   96.1956  1.6563  0.0133  4.0  
326   16.8043   96.1970  3.3043  0.4299  4.0  
327   16.7985   96.1976  5.7772  0.8550  4.0  
328   16.7948   96.1966  2.6387  0.2659  4.0  
329   16.7908   96.1975  3.3760  0.4447  4.0  
330   16.7887   96.1970  3.9992  0.2875  4.0  
331   16.7850   96.1964  2.2660  0.2016  4.0  
332   16.7837   96.1956  2.3403  0.3484  4.0  
333   16.7786   96.1968  5.8814  0.2769  4.0  
334   16.7753   96.1971  3.3905  0.2769  4.0  
401   16.9097   96.2583  1.9534  0.3452  4.0  
402   16.9069   96.2586  2.5421  0.4466  4.0  
403   16.9042   96.2578  3.8223  0.8627  4.0  
404   16.9004   96.2584  3.2954  0.3804  4.0  
405   16.8971   96.2581  1.4051  0.2353  4.0  
407   16.8899   96.2579  1.1486  0.1247  4.0  
408   16.8871   96.2576  1.8268  0.4222  4.0  
409   16.8835   96.2578  1.4894  0.4222  4.0  
410   16.8805   96.2574  3.6169  0.4222  4.0  
411   16.8777   96.2579  2.3990  0.0794  4.0  
412   16.8725   96.2569  4.5865  0.5710  4.0  
413   16.8709   96.2571  2.6829  0.2666  4.0  
414   16.8676   96.2573  2.4108  0.2891  4.0  
415   16.8649   96.2580  1.1073  0.1464  4.0  
416   16.8617   96.2586  2.0608  0.7111  4.0  
417   16.8581   96.2581  2.2569  0.7111  4.0  
418   16.8548   96.2579  2.3302  0.7111  4.0  
419   16.8525   96.2575  1.7072  0.7111  4.0  
421   16.8447   96.2594  1.8541  0.7111  4.0  
422   16.8425   96.2581  2.4894  0.5856  4.0  
423   16.8392   96.2578  3.6281  0.5856  4.0  
424   16.8358   96.2578  3.7133  0.5856  4.0  
425   16.8322   96.2583  1.7233  0.5856  4.0  
426   16.8294   96.2575  3.7972  0.5856  4.0  
